0 27 2.47 -1.44 0 6
0 27 2.46 -3.1 0 5
0 27 0.16 -3.16 0 4
0 27 0.01 2.37 0 9
0 27 2.48 2.4 0 8
0 27 2.51 0.32 0 7
0 32 -4.508855 -239.9273 0
0 18 0.43 0.1 3
0 33 4.5 3.5 -1
0 27 -1.99 -3.29 0 3
0 27 -4.25 -3.37 0 2
0 27 -4.28 -1.56 0 1
0 31 2.577414 4.256916 0
0 27 2.62 4.28 0 17
0 27 0.12 4.29 0 16
0 27 -2.063972 4.35 0 15
0 27 4.51 -0.64 0 20
0 27 4.6 1.63 0 19
0 27 4.6 4.07 0 18
0 27 0.1279465 -1.37 0 11
0 27 0.13 -0.1716988 0 10
0 27 -4.28 0.47 0 0
0 27 -2.15 1.89 0 14
0 27 -2.14993 0.2151104 0 13
0 27 -2.020993 -1.44 0 12